%YAML:1.0

#common parameters
#support: 1 imu 1 cam; 1 imu 2 cam: 2 cam; 
imu: 1         
num_of_cam: 2  

imu_topic:    "/vn200/imu"
image0_topic: "/d455t/infra1/image_rect_raw"
image1_topic: "/d455t/infra2/image_rect_raw"
output_path:  "/home/tmn/output/"

cam0_calib:   "camLeft.yaml"
cam1_calib:   "camRight.yaml"
image_width:  640
image_height: 480
   

# Extrinsic parameter between IMU and Camera.
estimate_extrinsic: 0   # 0  Have an accurate extrinsic parameters. We will trust the following imu^R_cam, imu^T_cam, don't change it.
                        # 1  Have an initial guess about extrinsic parameters. We will optimize around your initial guess.

body_T_cam0: !!opencv-matrix
   rows: 4
   cols: 4
   dt: d
   data: [-0.005082084262597302, -0.0018247962387032773, 0.9999854211628466,     0.06572900833731073,
           0.9999085062354354,   -0.012545425407662278,  0.005058800189903618,  -0.05148290592800148,
           0.012536011230389409,  0.999919637980987,     0.0018883861902577257, -0.0009844683813665825,
           0.0, 0.0, 0.0, 1.0 ]

body_T_cam1: !!opencv-matrix
   rows: 4
   cols: 4
   dt: d
   data: [-0.004563591549225961, -0.00196350400851512,   0.9999876590659408,     0.06525453043504618,
           0.9999104263903855,   -0.012591309347461102,  0.0045385156950047715,  0.04407506776546579,
           0.012582242565182892,  0.9999187984936201,    0.002020789723305342,   0.00023394327804101455,
           0.0, 0.0, 0.0, 1.0 ]

#Multiple thread support
multiple_thread: 1

#feature traker paprameters
max_cnt: 300            # max feature number in feature tracking
min_dist: 20            # min distance between two features 
freq: 0                 # frequence (Hz) of publish tracking result. At least 10Hz for good estimation. If set 0, the frequence will be same as raw image 
F_threshold: 1.0        # ransac threshold (pixel)
show_track: 1           # publish tracking image as topic
flow_back: 1            # perform forward and backward optical flow to improve feature tracking accuracy

#optimization parameters
max_solver_time: 0.04   # max solver itration time (ms), to guarantee real time
max_num_iterations: 8   # max solver itrations, to guarantee real time
keyframe_parallax: 10.0 # keyframe selection threshold (pixel)

#imu parameters       The more accurate parameters you provide, the better performance
acc_n:  5.0e-2          # accelerometer measurement noise standard deviation.
gyr_n:  2.0e-3          # gyroscope measurement noise standard deviation.
acc_w:  5.0e-2          # accelerometer bias random work noise standard deviation.
gyr_w:  3.0e-6          # gyroscope bias random work noise standard deviation.
g_norm: 9.805           # gravity magnitude

#unsynchronization parameters
estimate_td: 0                      # online estimate time offset between camera and imu
td: 0.00                            # initial value of time offset. unit: s. readed image clock + td = real image clock (IMU clock)

#loop closure parameters
load_previous_pose_graph: 0         # load and reuse previous pose graph; load from 'pose_graph_save_path'
pose_graph_save_path: "/home/dji/output/pose_graph/"
                                    # save and load path
save_image: 0                       # save image in pose graph for visualization prupose; you can close this function by setting 0 
