%YAML:1.0

#common parameters
#support: 1 imu 1 cam; 1 imu 2 cam: 2 cam; 
imu: 1         
num_of_cam: 2  

imu_topic:    "/vn100/imu"
image0_topic: "/d455b/infra1/image_rect_raw"
image1_topic: "/d455b/infra2/image_rect_raw"
output_path:  "/home/tmn/output/"

cam0_calib:   "camLeft.yaml"
cam1_calib:   "camRight.yaml"
image_width:  640
image_height: 480
   

# Extrinsic parameter between IMU and Camera.
estimate_extrinsic: 0   # 0  Have an accurate extrinsic parameters. We will trust the following imu^R_cam, imu^T_cam, don't change it.
                        # 1  Have an initial guess about extrinsic parameters. We will optimize around your initial guess.

body_T_cam0: !!opencv-matrix
   rows: 4
   cols: 4
   dt: d
   data: [-0.014350131400074117,  0.005148515062824009,  0.9998837765067741,    0.056148657066751050,
           0.9998843383023143,   -0.004964792010654719,  0.014375703740471401, -0.048647493894969314,
           0.005038228512430659,  0.999974421489339,    -0.005076674159104369,  0.115211276226569100,
           0.0, 0.0, 0.0, 1.0]

body_T_cam1: !!opencv-matrix
   rows: 4
   cols: 4
   dt: d
   data:  [-0.013083099527700178,  0.004828310657210172, 0.9999027552332007,   0.055052773141263694,
            0.9999021701037377,   -0.004885194414406329, 0.013106681401860623, 0.045904559640864824,
            0.0049480024843079826, 0.9999764108676416,  -0.004763924819343679, 0.115661150984828830,
            0.0, 0.0, 0.0, 1.0]

#Multiple thread support
multiple_thread: 1

#feature traker paprameters
max_cnt: 300            # max feature number in feature tracking
min_dist: 20            # min distance between two features 
freq: 0                 # frequence (Hz) of publish tracking result. At least 10Hz for good estimation. If set 0, the frequence will be same as raw image 
F_threshold: 1.0        # ransac threshold (pixel)
show_track: 1           # publish tracking image as topic
flow_back: 1            # perform forward and backward optical flow to improve feature tracking accuracy

#optimization parameters
max_solver_time: 0.04   # max solver itration time (ms), to guarantee real time
max_num_iterations: 8   # max solver itrations, to guarantee real time
keyframe_parallax: 10.0 # keyframe selection threshold (pixel)

#imu parameters       The more accurate parameters you provide, the better performance
acc_n:  5.0e-2          # accelerometer measurement noise standard deviation.
gyr_n:  2.0e-3          # gyroscope measurement noise standard deviation.
acc_w:  5.0e-2          # accelerometer bias random work noise standard deviation.
gyr_w:  3.0e-6          # gyroscope bias random work noise standard deviation.
g_norm: 9.805           # gravity magnitude

#unsynchronization parameters
estimate_td: 0                      # online estimate time offset between camera and imu
td: 0.00                            # initial value of time offset. unit: s. readed image clock + td = real image clock (IMU clock)

#loop closure parameters
load_previous_pose_graph: 0         # load and reuse previous pose graph; load from 'pose_graph_save_path'
pose_graph_save_path: "/home/dji/output/pose_graph/"
                                    # save and load path
save_image: 0                       # save image in pose graph for visualization prupose; you can close this function by setting 0 
